57,34,45!67,57,89,76!34,35,29
67,90,89!21,20,22!45,22
1,2,3,5!10,21,30!1,3,5,7
23,22,45!67,57,89,76!34,35,33
23,34,90!67,57,89,76!34,35,33
24,56,45!5,60,89,76!22,21,20
25,34,45!67,57,89,90!34,35,33
26,34,45!67,57,89,76!34,35,36
27,34,45!10,57,89,134!34,35,37
28,34,45!67,57,89,76!36,35,38
29,34,45!7,57,89,76!10,12,14
80,34,45!67,57,89,76!87,88,90
81,34,45!34,57,100,76!3,5,4
20,34,45!67,57,45,76!90,89,93
23,76,45!67,57,89,76!38,35,37
23,34,78!67,89,120,76!34,35,30
23,34,10!45,57,89,76!31,30,33
67,97,89!20,20,22!31,21
66,90,89!23,20,21!45,20
65,98,23!21,19,22!32,23
64,90,89!20,18,22!29,10
63,99,89!21,20,19!45,11
62,90,123!19,20,22!40,17
61,23,89!21,20,18!45,22
60,90,89!20,20,18!4,22
68,100,9!21,20,22!45,22
69,99,89!89,91,90!41,18
70,90,140!21,20,22!45,22
59,34,89!28,27,26!40,22
56,90,22!21,20,19!45,13
64,120,89!17,20,218!42,12
0,2,2,5!10,21,50!9,12,5,9
10,5,7,5!11,22,48!1,76,5,89
7,1,4,5!12,23,37!1,363,5,90
8,4,6,5!13,24,36!11,30,7,23
2,2,6,5!14,24,390!12,3,55,7
4,3,6,5!15,25,35!1,3,89,10
2,2,5,10!16,26,44!45,3,5,7
4,2,6,5!17,27,33!1,3,5,90
4,2,3,5!18,28,32!13,45,5,89
1,2,3,4!19,29,31!1,64,9,10
0,0,0!0,0!0