39
2x2 [1,Ori,0,1]
3x3 [1,Ori,1,0,1,0,1,1,0]
4x4 [0,1,Ori,0,1,1,1,1,0,1,0,0,1,1,0,0]
5x5 [0,1,Ori,0,1,1,1,1,0,1,0,0,1,1,0,0,0,1,1,0,1,1,1,1,1]
3x3 [1,Ori,0,0,1,1,1,0,0]
3x3 [1,Ori,0,1,0,0,1,1,0]
3x3 [1,Ori,0,0,1,0,1,1,1]
3x3 [1,Ori,0,1,0,1,1,1,0]
3x3 [1,Ori,0,0,1,0,1,1,1]
3x3 [0,Ori,1,1,1,1,1,1,0]
3x3 [0,Ori,1,0,0,0,1,1,0]
3x3 [0,Ori,1,1,0,0,1,1,0]
3x3 [0,Ori,1,0,1,0,1,0,1]
3x3 [0,Ori,1,1,0,0,1,0,1]
4x4 [1,1,Ori,0,0,1,0,1,0,1,0,1,0,1,0,0]
4x4 [1,0,Ori,0,1,1,0,1,1,0,1,0,1,0,1,0]
4x4 [1,1,Ori,0,0,1,0,1,1,1,1,0,0,1,0,0]
4x4 [1,0,Ori,0,1,0,1,1,0,1,1,0,1,1,1,0]
4x4 [1,1,Ori,0,1,0,1,0,1,0,1,0,0,1,0,0]
4x4 [0,0,Ori,0,1,1,1,1,0,1,0,0,1,0,1,0]
4x4 [0,1,Ori,0,1,1,1,0,1,1,1,1,1,1,0,1]
4x4 [0,0,Ori,0,0,1,0,1,1,0,1,0,0,1,1,1]
4x4 [0,1,Ori,0,1,1,1,1,0,1,1,0,1,1,0,1]
4x4 [0,0,Ori,0,0,0,0,0,0,0,0,0,0,0,0,0]
5x5 [1,0,Ori,0,1,1,1,0,0,1,0,0,1,1,1,0,0,1,1,0,1,0,1,0,1]
5x5 [1,0,Ori,0,0,1,0,1,1,1,0,0,0,1,0,0,1,1,1,0,0,1,0,1,0]
5x5 [1,0,Ori,1,0,1,1,1,0,0,0,0,1,1,1,0,0,1,1,1,1,0,1,0,1]
5x5 [1,0,Ori,0,0,1,0,1,0,1,0,0,0,1,0,1,0,1,0,0,1,1,0,1,0]
5x5 [1,0,Ori,0,1,0,1,0,0,1,0,1,1,1,0,0,0,0,1,0,1,0,1,0,1]
5x5 [0,1,Ori,1,0,1,1,1,1,1,0,0,0,1,0,0,1,1,1,0,0,1,1,1,0]
5x5 [0,1,Ori,0,1,0,1,1,0,0,0,0,1,0,0,1,0,1,1,1,1,1,1,0,1]
5x5 [0,1,Ori,0,0,1,0,1,0,1,1,0,1,1,0,0,0,1,0,0,1,1,1,1,0]
5x5 [0,1,Ori,0,1,0,1,1,0,1,0,1,1,0,0,1,0,0,1,0,1,1,1,0,1]
5x5 [0,1,Ori,1,1,1,1,1,0,1,0,0,0,1,0,0,1,1,1,0,1,1,1,1,0]
2x2 [0,Ori,0,0]
3x3 [1,Ori,1,0,1,0,0,0,1]
4x4 [0,0,Ori,0,0,1,0,1,0,1,0,1,0,1,0,1]
5x5 [0,0,Ori,0,0,0,1,0,0,0,1,0,1,0,1,0,1,0,0,0,0,0,0,0,1]
6x6 [1,1,1,Ori,1,1,1,1,1,1,1,1,1,1,1,1,1,1,1,1,1,1,1,1,1,1,1,1,1,1,1,1,1,1,1,1]